
9
0 30.0 300 50 tamanoir.jpg
1 30.0 500 50 jaguar.jpg
2 30.0 100 200 mygale.jpg
3 30.0 300 200 fourmi.jpg
4 30.0 300 350 mante.jpg
5 30.0 500 350 tatou.jpg
6 30.0 700 350 tapir.jpg
7 30.0 300 500 phasme.jpg
8 30.0 500 500 vegetaux.jpg
10
0 1 0 50.0
1 0 3 50.0
2 1 5 50.0
3 1 6 50.0
4 2 4 50.0
5 3 4 50.0
6 4 7 50.0
7 5 8 50.0
8 6 8 50.0
9 7 8 50.0


8
0 30.0 400 100 requin.jpg
1 30.0 200 300 tortue.jpg
2 30.0 400 300 dauphin.jpg
3 30.0 600 300 thon.jpg
4 30.0 100 500 meduse.jpg
5 30.0 300 500 crevette.jpg
6 30.0 500 500 sardine.jpg
7 30.0 700 500 calmar.jpg
11
0 0 1 50.0
1 0 2 50.0
2 0 3 50.0
3 1 4 50.0
4 1 5 50.0
5 1 6 50.0
6 2 5 50.0
7 2 6 50.0
8 2 7 50.0
9 3 6 50.0
10 3 7 50.0


8
0 30.0 300 100 aigle.jpg
1 30.0 500 100 buse.jpg
2 30.0 200 300 pie.jpg
3 30.0 400 300 mesange.jpg
4 30.0 600 300 geai.jpg
5 30.0 200 500 mille.jpg
6 30.0 400 500 chenille.jpg
7 30.0 600 500 gland.jpg
9
0 0 2 50.0
1 0 3 50.0
2 1 3 50.0
3 1 4 50.0
4 2 5 50.0
5 2 6 50.0
6 3 5 50.0
7 3 6 50.0
8 4 7 50.0
